0000000000000000000000000000000011100000
0000000000011100000000111000000011111001
0000000000001110000000000000000011100000
0100000000000000000000000000000011100000
0010000000000000000000000001000111100000
1110000000011000000000000000000011100000
0000000000010000000000000000000011100000
0000000000110000000000001000100000000000
0000000000111000000000001000100000000000
0010000000001000000000001000100000000000
0011000000000000000000001000100000000000
0011100000001111100000001000100000000000
0000100000000000000000001000100000000000
0001100010000000000000001000100000000000
0000100011100000000000001000100000000000
0000000001000000000000001001100000010000
0000000001110000000000001010100011110000
0000100000000000100000001000100000000000
0000100010000000000000001000100000000000
0000000000000001000000001000100000000000
0000000000000000000000000000000011100000
0000000000011100000000111000000011111001
0000000000001110000000000000000011100000
0100000000000000000000000000000011100000
0010000000000000000000000001000111100000
1110000000011000000000000000000011100000
0000000000010000000000000000000011100000
0000000000110000000000001000100000000000
0000000000111000000000001000100000000000
0010000000001000000000001000100000000000
0011000000000000000000001000100000000000
0011100000001111100000001000100000000000
0000100000000000000011111000100000000000
0001100010000000000001101000100000000000
0000100011100000000000111000100000000000
0000000001000000000000001001100000010000
0000000001110000000000001010100011110000
0000100000000000100000011000100000000000
0000100010000000000011101000100000000000
0000000000000001000000001000100000000000