Fecha,Apertura,Maximo,Minimo,Cierre,CantNominal
2014-04-11 16:57:09,65.00,67.70,65.00,67.00,88811.00
2014-04-10 16:56:07,66.10,66.40,65.00,65.00,35020.00
2014-04-09 16:59:25,65.00,66.50,64.55,65.50,119330.00
2014-04-08 16:51:53,69.00,69.90,65.80,67.00,174776.00
2014-04-07 17:00:01,65.05,69.00,65.05,68.00,180392.00
2014-04-04 16:56:34,65.50,66.00,64.20,64.20,127879.00
2014-04-03 16:58:57,65.40,65.50,63.00,64.20,63159.00
2014-04-01 16:58:22,64.80,66.00,64.40,65.50,98031.00
2014-03-31 16:55:59,64.50,64.80,63.50,64.80,60769.00
2014-03-28 16:59:27,63.00,64.90,62.00,64.50,72841.00
2014-03-27 17:00:27,64.60,65.90,64.20,64.50,118319.00
2014-03-26 16:54:09,63.50,63.50,61.50,62.40,59651.00
2014-03-25 17:00:27,61.50,63.40,60.85,63.40,123692.00
2014-03-21 17:00:06,59.45,60.30,58.00,59.90,66764.00
2014-03-20 16:59:59,57.00,60.00,56.85,59.80,111865.00
2014-03-19 16:59:51,54.30,57.00,54.10,56.15,125807.00
2014-03-18 16:59:59,52.00,54.50,52.00,53.75,132689.00
2014-03-17 17:00:25,53.30,53.50,51.80,52.00,63436.00
2014-03-14 16:59:44,54.20,54.50,52.90,53.30,105130.00
2014-03-13 16:59:56,56.50,56.50,54.60,54.60,36340.00
2014-03-12 16:54:10,55.90,56.50,55.50,55.60,19611.00
2014-03-11 16:57:34,55.25,55.50,54.50,55.00,36107.00
2014-03-10 17:00:25,55.70,55.70,54.05,55.00,53304.00
2014-03-07 16:59:59,57.80,57.80,55.40,55.70,65657.00
2014-03-06 17:00:10,55.70,57.60,55.70,57.50,47990.00
2014-03-05 17:00:07,58.00,58.50,55.70,56.00,44722.00
2014-02-28 16:59:59,59.00,59.00,57.00,57.20,79276.00
2014-02-27 16:59:22,58.00,59.35,57.50,59.00,95381.00
2014-02-26 16:58:40,60.00,60.00,57.30,57.50,73064.00
2014-02-25 16:59:52,61.00,62.00,59.30,59.45,91100.00
2014-02-24 16:56:52,60.00,60.90,59.50,60.90,35481.00
2014-02-21 16:59:36,60.50,60.50,59.25,59.50,37277.00
2014-02-20 17:00:02,59.70,60.45,59.70,59.90,29854.00
2014-02-19 16:57:29,59.90,59.90,58.80,59.65,26814.00
2014-02-18 16:59:53,60.85,60.85,59.60,59.90,65842.00
2014-02-17 17:01:40,61.90,61.90,61.00,61.00,8912.00
2014-02-14 16:58:48,63.50,63.50,60.55,61.50,68632.00
2014-02-13 16:56:52,62.50,62.65,61.50,62.50,33179.00
2014-02-12 16:58:54,63.00,64.60,62.00,62.85,54629.00
2014-02-11 17:00:56,59.90,63.50,59.90,63.30,30550.00
2014-02-10 16:54:19,61.50,61.50,59.50,59.90,40364.00
2014-02-07 17:00:06,66.00,66.00,61.00,61.30,71913.00
2014-02-06 16:59:03,65.50,66.00,64.50,65.50,36406.00
2014-02-05 16:59:52,68.50,68.80,63.60,64.80,95267.00
2014-02-04 17:00:40,67.00,68.40,67.00,68.00,77964.00
2014-02-03 16:58:46,69.00,69.00,66.50,67.90,82279.00
2014-01-31 16:59:29,64.40,70.80,64.40,69.00,117879.00
2014-01-30 17:00:01,63.30,64.50,63.30,64.40,20733.00
2014-01-29 16:59:19,62.80,63.80,62.00,63.25,31521.00
2014-01-28 16:52:49,62.50,63.25,62.20,63.20,23917.00
2014-01-27 17:00:55,63.50,64.50,62.00,62.00,49961.00
2014-01-24 16:59:16,62.00,64.00,62.00,63.80,42424.00
2014-01-23 16:59:58,65.00,67.00,65.00,66.00,119168.00
2014-01-22 16:59:55,63.50,64.50,63.00,64.50,41248.00
2014-01-21 16:58:04,63.50,63.50,61.10,62.65,22612.00
2014-01-20 16:50:51,63.95,63.95,62.50,63.50,18827.00
2014-01-17 16:48:18,64.30,65.50,63.90,63.90,38204.00
2014-01-16 16:58:18,62.90,64.00,62.50,64.00,57830.00
2014-01-15 16:58:59,60.00,62.80,60.00,62.80,51471.00
2014-01-14 16:57:39,60.00,60.50,59.25,60.00,33830.00
2014-01-13 16:57:42,60.50,61.50,59.75,60.20,49441.00
2014-01-10 16:59:41,58.50,60.50,58.50,60.20,55949.00
2014-01-09 16:59:56,59.00,59.00,57.40,58.50,49736.00
2014-01-08 16:59:56,59.20,59.50,57.80,58.00,40727.00
2014-01-07 17:00:28,60.80,60.80,58.00,59.00,48612.00
2014-01-06 17:00:07,58.50,59.00,58.00,59.00,39322.00
2014-01-03 17:00:12,60.00,60.50,58.10,58.50,28342.00
2014-01-02 16:59:46,61.30,61.30,59.00,60.00,25056.00
2013-12-30 16:57:29,61.50,62.50,60.70,61.50,51952.00
2013-12-27 17:00:18,57.50,60.95,57.50,60.95,36657.00
2013-12-26 16:54:44,58.00,59.50,56.80,57.25,149138.00
2013-12-23 16:59:09,57.50,58.50,57.25,58.00,50003.00
2013-12-20 16:53:29,59.00,59.00,57.50,57.50,45967.00
2013-12-19 16:57:33,59.75,60.90,57.50,59.50,57923.00
2013-12-18 17:00:11,58.50,59.70,57.00,59.65,63131.00
2013-12-17 16:59:34,59.70,59.70,57.90,58.00,25471.00
2013-12-16 16:59:13,60.15,60.60,58.80,59.70,55967.00
2013-12-13 16:59:57,59.00,60.00,58.20,59.90,46816.00
2013-12-12 16:59:20,58.00,58.40,56.90,58.00,47531.00
2013-12-11 16:59:54,59.55,59.55,56.50,57.10,67255.00
2013-12-10 16:59:21,60.00,60.30,58.60,58.70,35696.00
2013-12-09 16:59:36,60.50,61.00,59.80,59.85,22487.00
2013-12-06 17:00:20,61.80,61.80,59.60,60.00,136009.00
2013-12-05 16:59:59,61.00,62.50,60.00,61.50,119930.00
2013-12-04 17:00:25,60.50,61.00,59.55,60.10,80618.00
2013-12-03 16:59:49,60.50,62.80,59.50,60.00,273388.00
2013-12-02 17:02:05,63.90,63.90,59.80,60.00,533669.00
2013-11-29 17:01:00,68.95,69.35,67.50,69.30,94725.00
2013-11-28 16:59:28,68.50,69.75,67.50,69.25,86918.00
2013-11-27 17:00:36,72.00,72.00,67.00,67.50,290269.00
2013-11-26 16:59:52,75.80,75.80,70.60,71.70,291024.00
2013-11-22 16:59:58,78.00,79.00,77.20,77.50,18357.00
2013-11-21 16:59:39,76.50,78.10,76.50,77.50,64501.00
2013-11-20 16:57:26,78.70,79.50,75.50,75.80,107171.00
2013-11-19 17:00:33,80.00,80.50,78.25,78.65,116501.00
2013-11-18 16:59:43,78.50,81.00,78.50,80.70,171661.00
2013-11-15 16:52:52,78.00,79.50,78.00,78.50,54600.00
2013-11-14 17:00:03,77.00,78.10,76.50,77.95,35911.00
2013-11-13 16:59:45,74.90,76.40,74.00,76.15,57948.00
2013-11-12 16:59:36,77.00,77.00,74.00,74.90,49677.00
2013-11-11 16:56:05,76.25,77.00,75.75,77.00,40905.00
2013-11-08 17:00:02,77.50,77.50,75.00,75.50,56720.00
2013-11-07 16:59:46,80.50,80.50,76.30,77.50,60117.00
2013-11-05 17:00:00,79.50,79.50,77.50,79.40,47328.00
2013-11-04 16:55:06,78.50,79.50,78.00,79.50,29306.00
2013-11-01 17:00:13,79.00,79.00,77.00,77.30,62901.00
2013-10-31 17:00:10,81.00,82.35,79.00,79.30,72784.00
2013-10-30 16:59:40,77.75,80.70,77.00,80.50,55583.00
2013-10-29 16:59:34,79.50,79.70,77.70,79.30,79639.00
2013-10-28 16:59:53,78.00,81.00,77.90,80.70,187476.00
2013-10-25 16:59:57,74.00,75.20,74.00,75.20,59826.00
2013-10-24 16:59:51,72.10,73.50,72.10,73.50,81572.00
2013-10-23 17:00:10,75.00,75.00,73.00,74.00,63048.00
2013-10-22 16:58:18,78.00,78.00,75.50,75.90,158246.00
2013-10-21 16:59:04,73.50,77.00,71.70,76.25,185106.00
2013-10-18 16:58:51,73.00,74.00,72.00,72.00,74219.00
2013-10-17 16:58:07,72.70,74.00,72.50,73.00,51047.00
2013-10-16 16:59:56,71.70,72.90,71.40,72.70,70495.00
2013-10-15 17:00:31,71.20,71.60,71.00,71.45,34965.00
2013-10-11 16:59:53,72.25,72.30,71.00,72.00,39071.00
2013-10-10 16:55:08,71.00,72.60,70.80,72.25,59910.00
2013-10-09 17:00:08,71.80,71.80,70.00,70.40,45858.00
2013-10-08 17:00:16,71.00,71.45,69.90,71.40,78940.00
2013-10-07 16:56:10,72.00,72.25,71.50,72.00,23882.00
2013-10-04 16:57:41,71.00,72.00,70.00,71.90,37744.00
2013-10-03 16:56:35,71.00,72.00,71.00,71.70,13643.00
2013-10-02 16:54:33,70.90,72.10,70.90,72.00,37466.00
2013-10-01 16:59:16,70.10,71.00,69.20,70.60,33127.00
2013-09-30 16:55:29,69.50,70.20,69.00,69.40,134451.00
2013-09-27 16:59:37,70.00,70.50,68.00,68.50,29760.00
2013-09-26 16:59:34,70.05,71.10,69.20,69.90,41659.00
2013-09-25 16:59:28,71.50,71.50,69.60,70.00,82855.00
2013-09-24 16:56:07,73.50,75.00,72.00,72.00,62062.00
2013-09-23 16:59:37,73.20,74.15,73.20,73.50,39757.00
2013-09-20 16:56:37,74.00,74.55,71.50,72.80,60741.00
2013-09-19 16:53:26,75.00,76.75,73.60,74.80,86245.00
2013-09-18 17:00:23,71.50,75.00,70.50,74.80,102124.00
2013-09-17 17:00:26,72.30,72.80,71.30,71.50,60371.00
2013-09-16 16:51:15,71.10,72.40,71.00,72.30,61374.00
2013-09-13 16:59:42,68.15,70.70,68.15,70.70,101414.00
2013-09-12 16:57:12,69.00,69.10,67.50,67.50,57284.00
2013-09-11 16:53:24,68.70,69.90,67.00,69.15,109725.00
2013-09-10 16:59:36,68.60,68.95,68.00,68.50,125471.00
2013-09-09 16:58:33,65.50,67.85,65.50,67.85,108173.00
2013-09-06 16:58:51,64.85,66.00,64.60,64.75,55328.00
2013-09-05 16:59:25,63.40,65.00,63.40,64.85,80011.00
2013-09-04 16:56:46,62.00,62.50,61.60,62.40,49132.00
2013-09-03 16:58:37,62.30,63.10,61.50,61.55,53510.00
2013-09-02 16:54:26,61.20,62.30,61.00,62.30,22655.00
2013-08-30 17:00:29,60.05,60.95,59.80,60.60,72130.00
2013-08-29 16:59:44,62.00,62.00,60.05,60.90,59250.00
2013-08-28 16:56:54,61.50,63.15,61.10,62.00,45936.00
2013-08-27 16:58:49,61.50,61.50,60.90,61.50,67852.00
2013-08-26 16:59:22,62.50,62.75,61.50,62.50,45293.00
2013-08-23 16:59:59,63.25,64.60,63.00,63.50,113035.00
2013-08-22 16:59:59,61.50,62.60,60.55,62.50,106488.00
2013-08-21 16:59:54,59.80,60.00,58.60,58.90,88943.00
2013-08-20 17:00:09,60.90,61.00,59.70,59.80,74194.00
2013-08-16 16:55:30,62.50,62.50,61.50,61.90,65268.00
2013-08-15 16:59:49,61.50,63.70,61.20,63.50,91727.00
2013-08-14 16:55:53,60.00,60.95,59.55,60.70,75209.00
2013-08-13 17:01:47,60.00,60.10,59.00,60.00,88652.00
2013-08-12 16:57:59,62.50,63.20,60.00,60.30,67348.00
2013-08-09 16:59:47,60.20,61.40,60.00,61.30,57843.00
2013-08-08 16:57:01,58.80,60.80,58.50,60.10,69100.00
2013-08-07 16:59:01,58.05,59.15,57.70,57.70,40981.00
2013-08-06 16:58:50,58.00,58.00,57.20,57.50,28421.00
2013-08-05 16:58:50,59.50,59.50,58.35,58.45,18348.00
2013-08-02 16:55:20,59.75,60.50,59.30,59.45,31809.00
2013-08-01 16:56:22,58.90,58.90,57.85,58.90,49328.00
2013-07-31 16:59:54,55.90,57.20,55.60,56.85,53804.00
2013-07-30 16:58:29,58.50,58.50,56.50,56.70,50835.00
2013-07-29 16:58:28,60.00,60.00,59.05,59.20,41251.00
2013-07-26 16:27:30,61.50,61.50,60.05,60.90,8829.00
2013-07-25 17:00:05,60.00,61.50,60.00,60.90,16566.00
2013-07-24 16:59:30,61.00,61.00,59.50,60.00,85069.00
2013-07-23 16:59:45,61.45,61.85,60.80,61.00,59968.00
2013-07-22 16:59:48,59.00,60.45,59.00,60.45,55486.00
2013-07-19 16:59:23,58.50,60.00,58.50,58.60,42073.00
2013-07-18 16:58:17,61.00,61.30,57.05,58.50,84401.00
2013-07-17 16:59:34,58.00,61.00,58.00,60.10,124147.00
2013-07-16 16:58:55,56.80,57.30,55.70,56.80,56797.00
2013-07-15 17:00:35,55.70,56.85,55.50,56.85,102271.00
2013-07-12 16:57:22,55.00,55.50,53.80,54.00,60592.00
2013-07-11 16:59:44,51.70,54.95,51.70,54.70,104300.00
2013-07-10 16:59:52,50.10,50.65,49.95,50.00,89336.00
2013-07-08 16:58:46,49.45,50.50,49.40,49.50,164062.00
2013-07-05 16:59:01,49.95,49.95,48.35,48.95,160868.00
2013-07-04 16:59:49,51.00,51.65,50.85,51.30,70226.00
2013-07-03 17:00:00,50.00,51.30,50.00,50.50,140234.00
2013-07-02 17:00:41,51.80,51.80,48.00,49.45,149266.00
2013-07-01 16:57:29,52.80,52.80,51.70,51.80,79622.00
2013-06-28 16:59:35,52.95,54.90,51.00,53.00,62975.00
2013-06-27 16:59:28,55.00,55.50,52.30,53.45,51773.00
2013-06-26 17:00:01,57.00,57.00,54.20,55.80,49364.00
2013-06-25 16:59:17,55.50,56.00,54.00,56.00,89869.00
2013-06-24 16:59:46,55.00,56.00,53.10,55.30,164446.00
2013-06-19 16:58:52,60.40,61.50,59.20,59.60,55408.00
2013-06-18 16:59:55,62.00,62.00,60.20,60.30,60458.00
2013-06-17 16:59:23,64.05,64.35,61.25,62.00,32482.00
2013-06-14 16:59:51,65.80,65.80,62.50,64.00,51244.00
2013-06-13 16:58:02,63.00,66.00,63.00,66.00,49381.00
2013-06-12 16:58:32,66.50,66.85,63.00,63.50,60096.00
2013-06-11 16:59:20,67.50,68.00,66.00,66.90,28197.00
2013-06-10 16:55:55,69.40,69.60,68.00,68.50,24217.00
2013-06-07 16:59:04,71.50,71.50,69.30,69.50,56931.00
2013-06-06 16:57:33,71.50,72.00,71.15,72.00,44635.00
2013-06-05 16:59:52,73.50,73.50,71.00,71.15,37419.00
2013-06-04 16:59:57,75.50,75.50,73.00,73.50,38046.00
2013-06-03 16:59:59,74.85,75.75,74.85,75.75,21985.00
2013-05-31 16:57:41,76.90,77.00,74.50,74.85,17146.00
2013-05-30 16:59:41,75.30,77.00,75.00,76.80,57779.00
2013-05-29 16:59:10,74.00,75.50,73.20,75.30,19231.00
2013-05-28 17:00:05,78.10,79.00,75.00,75.00,21129.00
2013-05-27 16:59:14,78.00,78.60,78.00,78.60,12569.00
2013-05-24 16:55:17,79.00,79.80,76.70,78.05,11921.00
2013-05-23 16:51:57,76.95,79.00,76.50,78.00,44483.00
2013-05-22 16:58:42,81.70,81.70,77.60,78.10,40539.00
2013-05-21 16:53:20,82.90,82.90,81.50,81.70,20975.00
2013-05-20 16:59:54,81.60,83.30,81.50,83.30,52308.00
2013-05-17 16:59:08,84.20,84.50,81.60,81.75,39310.00
2013-05-16 16:59:12,84.30,84.50,82.00,82.00,39313.00
2013-05-15 16:59:58,77.50,83.00,77.50,83.00,49641.00
2013-05-14 16:59:45,81.00,81.50,77.50,78.20,50556.00
2013-05-13 17:00:21,84.00,84.00,80.50,80.80,36067.00
2013-05-10 16:59:28,87.50,88.00,83.50,84.55,50235.00
2013-05-09 16:59:34,91.00,91.50,88.00,88.00,82155.00
2013-05-08 17:00:09,90.05,93.00,90.05,91.50,56268.00
2013-05-07 16:59:58,90.50,92.25,90.00,92.00,37956.00
2013-05-06 17:00:11,90.00,90.30,89.25,90.10,37040.00
2013-05-03 17:00:01,90.00,91.10,89.00,89.25,103157.00
2013-05-02 16:50:05,87.00,88.65,86.00,88.65,68469.00
2013-04-30 16:59:43,86.50,87.50,85.05,87.00,93836.00
2013-04-29 16:58:45,85.00,88.05,85.00,87.50,159735.00
2013-04-26 16:58:59,80.00,82.50,80.00,81.30,130166.00
2013-04-25 16:59:51,78.20,80.25,78.00,79.80,119921.00
2013-04-24 17:00:15,78.50,79.65,78.00,79.45,245402.00
2013-04-23 17:00:02,75.50,78.40,75.50,78.00,147524.00
2013-04-22 16:59:45,72.75,75.80,72.50,75.70,175494.00
2013-04-19 16:59:10,72.00,73.45,72.00,73.00,95000.00
2013-04-18 16:58:54,70.20,70.95,69.50,70.45,55074.00
2013-04-17 16:55:18,70.20,70.20,69.40,70.20,25343.00
2013-04-16 16:58:19,70.00,71.30,70.00,71.20,42459.00
2013-04-15 16:54:51,70.25,70.25,69.20,70.00,26058.00
2013-04-12 16:58:59,71.10,72.00,70.50,71.30,42294.00
2013-04-11 16:59:50,71.50,72.35,71.50,72.00,23255.00
2013-04-10 16:59:57,72.60,73.25,71.80,72.50,100277.00
2013-04-09 16:47:59,69.00,71.50,69.00,71.30,111879.00
2013-04-08 16:59:21,68.40,68.50,66.70,68.50,24413.00
2013-04-05 16:59:59,67.50,68.50,67.50,68.40,37501.00
2013-04-04 16:50:45,68.65,69.20,67.50,67.90,27106.00
2013-04-03 16:58:45,65.00,69.00,65.00,68.00,48759.00
2013-03-27 16:58:10,70.00,71.15,70.00,70.90,140272.00
2013-03-26 16:59:49,71.00,71.50,70.60,70.75,39758.00
2013-03-25 16:59:20,70.00,70.60,69.50,70.60,23784.00
2013-03-22 16:58:46,72.45,72.50,69.90,69.90,64359.00
2013-03-21 17:00:19,72.75,72.75,71.00,71.80,29698.00
2013-03-20 16:58:37,72.50,73.00,72.10,72.75,17785.00
2013-03-19 16:55:24,73.40,73.50,71.50,72.65,62515.00
2013-03-18 16:58:58,74.00,74.80,73.30,73.50,51395.00
2013-03-15 16:59:54,73.20,75.15,73.20,74.50,236434.00
2013-03-14 17:00:00,73.20,73.20,71.50,73.20,59625.00
2013-03-13 17:00:16,71.85,73.05,71.65,72.80,74574.00
2013-03-12 17:00:31,73.00,73.00,70.00,71.50,65300.00
2013-03-11 16:59:13,68.75,71.00,68.75,71.00,47431.00
2013-03-08 17:00:00,71.25,71.30,69.00,70.20,120616.00
2013-03-07 17:00:23,68.50,72.80,68.50,71.60,563876.00
2013-03-06 16:58:46,64.00,66.50,63.10,66.35,264275.00
2013-03-05 16:59:03,58.75,59.20,57.80,58.70,44694.00
2013-03-04 16:59:59,59.30,59.60,57.90,58.70,35705.00
2013-03-01 16:57:41,58.90,59.50,58.50,59.10,25874.00
2013-02-28 16:59:55,58.90,59.60,58.30,59.10,60726.00
2013-02-27 16:59:23,59.40,59.40,57.50,58.30,77598.00
2013-02-26 17:00:00,58.50,59.00,57.40,59.00,73295.00
2013-02-25 16:58:39,60.00,60.00,59.10,59.45,58373.00
2013-02-22 17:00:01,61.00,61.00,59.00,59.75,67764.00
2013-02-21 16:59:51,63.00,63.00,59.80,60.00,167508.00
2013-02-19 17:00:01,64.00,64.50,63.00,63.80,94555.00
2013-02-18 16:59:52,62.15,63.20,61.90,63.00,77378.00
2013-02-15 16:58:44,62.85,62.85,61.80,62.00,72909.00
2013-02-14 16:52:44,62.85,63.00,62.15,62.50,50155.00
2013-02-13 16:59:11,63.20,63.80,62.00,62.85,77222.00
2013-02-08 17:00:11,64.00,64.00,62.55,62.80,101924.00
2013-02-07 16:59:18,65.70,65.70,63.50,64.00,77430.00
2013-02-06 16:59:47,65.50,65.50,63.90,64.00,93486.00
2013-02-05 17:00:27,67.00,68.00,64.80,65.20,373799.00
2013-02-04 17:00:05,72.50,72.50,71.15,71.20,50848.00
2013-02-01 16:59:36,72.95,73.60,72.60,73.25,36954.00
2013-01-30 16:59:59,73.50,73.50,71.05,72.30,125834.00
2013-01-29 16:59:52,75.00,75.00,73.05,74.50,118782.00
2013-01-28 16:59:36,74.90,75.80,74.00,74.60,64758.00
2013-01-25 16:58:34,73.80,75.00,73.50,74.60,37561.00
2013-01-24 16:57:41,71.85,74.00,71.85,73.80,23520.00
2013-01-23 16:52:49,72.35,72.80,71.75,71.80,32904.00
2013-01-22 16:59:33,73.00,73.00,71.00,72.35,59153.00
2013-01-21 16:59:26,72.50,73.00,71.60,73.00,21105.00
2013-01-18 16:56:44,72.00,72.50,71.50,72.25,45657.00
2013-01-17 16:59:41,72.40,72.40,71.20,71.80,15051.00
2013-01-16 17:00:22,70.50,72.10,70.50,71.95,9378.00
2013-01-15 16:59:14,70.05,71.80,70.05,71.40,41318.00
2013-01-14 16:38:36,71.30,71.80,70.00,70.30,12734.00
2013-01-11 16:59:39,71.20,71.50,70.00,70.70,23431.00
2013-01-10 17:00:25,69.50,71.30,69.00,71.30,93877.00
2013-01-09 16:59:58,68.25,69.30,68.25,69.00,34000.00
2013-01-08 16:54:07,69.00,69.00,67.50,68.00,26918.00
2013-01-07 16:50:39,69.50,69.50,68.50,68.80,27303.00
2013-01-04 17:00:01,68.40,70.10,68.30,69.85,31413.00
2013-01-03 16:59:10,67.00,68.30,66.70,68.30,29777.00
2013-01-02 16:58:50,67.00,67.20,65.90,66.45,38932.00
2012-12-28 16:55:35,64.35,65.80,63.60,65.30,72248.00
2012-12-27 17:00:29,66.00,66.00,63.40,64.35,56837.00
2012-12-26 16:58:02,66.00,66.60,65.60,65.60,17362.00
2012-12-21 16:59:00,66.00,66.70,65.40,65.55,25709.00
2012-12-20 17:00:01,67.20,68.20,66.50,67.90,23909.00
2012-12-19 16:59:58,66.65,68.00,66.65,67.20,55931.00
2012-12-18 16:59:56,65.20,65.90,65.00,65.90,61760.00
2012-12-17 16:54:52,65.00,65.00,64.00,65.00,28127.00
2012-12-14 16:57:14,63.00,65.15,63.00,65.00,48301.00
2012-12-13 16:59:17,62.50,62.70,61.50,62.00,25080.00
2012-12-12 16:59:59,63.90,63.90,62.50,62.50,16636.00
2012-12-11 16:58:19,63.25,64.00,63.00,63.90,26470.00
2012-12-10 16:59:58,62.20,63.25,61.35,63.25,51040.00
2012-12-07 16:59:34,62.00,62.50,62.00,62.15,17715.00
2012-12-06 16:58:50,62.20,63.00,61.80,61.90,14762.00
2012-12-05 16:54:53,62.00,63.00,61.90,62.20,22445.00
2012-12-04 16:56:16,62.00,63.30,61.90,62.00,31927.00
2012-12-03 16:55:58,62.05,62.50,61.50,62.10,27507.00
2012-11-30 17:00:15,62.80,63.00,61.00,61.30,60857.00
2012-11-29 16:56:25,63.40,64.00,61.20,63.00,89418.00
2012-11-28 16:55:37,63.40,63.90,63.00,63.40,17920.00
2012-11-27 17:00:05,66.00,66.00,63.00,63.00,24977.00
2012-11-23 16:59:59,63.60,66.40,63.50,66.40,36391.00
2012-11-22 16:55:58,64.00,64.50,62.10,63.60,17541.00
2012-11-21 16:56:40,65.00,65.00,62.75,63.50,61459.00
2012-11-20 16:59:15,65.70,66.00,64.80,64.80,9966.00
2012-11-19 16:59:22,65.00,67.10,64.60,65.70,28560.00
2012-11-16 17:00:21,68.00,68.00,66.00,66.40,84740.00
2012-11-15 16:58:39,69.50,69.50,68.00,68.25,30682.00
2012-11-14 16:57:55,71.50,72.00,68.60,68.70,42975.00
2012-11-13 16:59:52,71.00,71.80,70.50,71.70,7126.00
2012-11-12 16:59:00,72.00,72.80,71.00,71.50,6786.00
2012-11-09 16:59:48,72.70,73.35,72.10,72.70,9701.00
2012-11-08 16:59:21,73.50,74.00,72.00,73.00,24627.00
2012-11-07 16:50:44,74.00,74.05,73.00,73.50,24787.00
2012-11-05 16:47:19,72.70,74.05,72.30,74.05,31519.00
2012-11-02 16:59:22,71.35,73.00,71.30,72.85,37991.00
2012-11-01 16:59:30,69.60,71.35,69.60,71.35,32422.00
2012-10-31 16:52:20,70.30,70.30,69.35,69.35,18288.00
2012-10-30 16:58:52,71.50,71.70,71.00,71.20,9250.00
2012-10-29 16:55:53,72.90,72.90,71.00,71.40,8095.00
2012-10-26 16:59:06,72.00,73.90,72.00,73.50,32963.00
2012-10-25 16:53:44,71.45,71.45,70.50,71.20,11268.00
2012-10-24 16:55:18,70.50,71.05,70.00,70.60,30283.00
2012-10-23 16:57:56,71.00,71.00,70.00,70.50,38240.00
2012-10-22 16:58:15,72.30,72.75,71.70,72.75,30909.00
2012-10-19 16:46:23,73.15,73.30,72.60,72.75,12817.00
2012-10-18 16:59:15,73.00,73.75,72.70,73.50,19524.00
2012-10-17 16:44:01,73.50,74.10,73.30,74.00,22859.00
2012-10-16 16:59:56,73.20,73.70,72.80,73.30,39616.00
2012-10-15 16:42:59,72.00,72.90,71.50,72.80,13569.00
2012-10-12 16:27:54,73.00,73.20,71.50,71.50,11214.00
2012-10-11 16:58:58,72.50,72.90,72.20,72.65,14996.00
2012-10-10 16:59:30,72.00,72.75,71.00,72.00,17315.00
2012-10-09 16:59:44,71.50,72.30,71.50,71.50,32120.00
2012-10-05 16:55:08,72.50,72.50,71.00,71.90,17855.00
2012-10-04 16:51:13,70.60,72.90,70.60,72.70,15226.00
2012-10-03 16:44:46,72.80,72.80,72.00,72.00,8812.00
2012-10-02 16:47:35,72.50,73.00,72.20,73.00,19208.00
2012-10-01 16:54:51,72.00,73.50,72.00,72.70,30753.00
2012-09-28 17:00:39,72.60,72.60,71.50,72.00,16035.00
2012-09-27 16:59:31,72.90,73.30,72.75,73.30,11625.00
2012-09-26 16:59:58,72.50,73.00,72.20,72.20,26083.00
2012-09-25 16:59:59,74.00,74.20,72.00,72.20,20068.00
2012-09-21 16:56:34,74.40,74.60,73.50,73.50,16736.00
2012-09-20 16:58:02,73.50,74.90,73.00,74.30,13341.00
2012-09-19 16:56:31,74.75,75.30,73.50,73.50,19149.00
2012-09-18 16:51:08,75.00,76.00,74.60,75.30,27834.00
2012-09-17 16:58:16,75.70,76.90,75.10,75.30,47999.00
2012-09-14 16:59:21,77.25,78.00,76.00,76.00,91022.00
2012-09-13 16:56:47,72.25,75.20,72.25,74.95,155356.00
2012-09-12 16:58:48,72.00,72.75,71.50,72.00,118884.00
2012-09-11 16:48:54,70.80,71.80,70.50,71.60,53362.00
2012-09-10 16:55:14,70.50,70.50,69.70,70.35,32232.00
2012-09-07 16:55:56,71.25,71.50,70.65,70.70,13974.00
2012-09-06 17:00:33,69.40,70.20,69.40,70.20,57133.00
2012-09-05 16:59:11,67.50,69.00,67.00,68.95,30596.00
2012-09-04 16:57:38,67.75,67.75,66.90,67.50,40922.00
2012-09-03 16:52:58,67.85,68.50,67.85,68.25,9169.00
2012-08-31 16:59:09,68.35,69.00,67.55,67.80,50886.00
2012-08-30 16:53:01,69.70,69.70,68.50,68.50,39217.00
2012-08-29 16:59:57,69.80,69.90,68.55,69.70,68241.00
2012-08-28 16:57:00,70.80,70.80,69.30,69.75,24923.00
2012-08-27 17:00:28,70.85,70.85,70.30,70.70,15593.00
2012-08-24 16:57:39,70.20,71.00,70.20,70.85,23160.00
2012-08-23 16:59:18,71.50,71.50,69.80,70.10,33999.00
2012-08-22 16:58:19,72.00,72.00,70.40,71.15,142292.00
2012-08-21 16:59:38,73.00,73.00,69.65,70.00,149984.00
2012-08-17 16:59:15,71.50,72.20,71.20,71.50,165650.00
2012-08-16 16:59:38,70.55,72.05,70.50,71.20,159670.00
2012-08-15 16:59:58,69.00,70.45,69.00,70.45,192082.00
2012-08-14 16:27:57,69.00,69.70,67.75,69.00,36928.00
2012-08-13 16:58:40,66.90,69.10,66.70,69.00,40698.00
2012-08-10 16:59:54,64.00,67.75,64.00,66.85,123895.00
2012-08-09 17:00:09,70.50,70.90,64.00,64.90,130377.00
2012-08-08 16:59:34,70.05,71.65,69.30,70.90,121050.00
2012-08-07 16:55:54,69.70,69.70,68.50,69.00,32498.00
2012-08-06 17:00:01,65.45,69.00,65.45,68.70,98746.00
2012-08-03 16:57:13,68.00,68.70,67.45,67.80,56715.00
2012-08-02 16:58:22,67.20,67.50,65.50,65.95,24155.00
2012-08-01 16:59:52,65.00,67.90,64.80,67.25,14787.00
2012-07-31 16:59:29,67.00,67.50,65.80,66.00,37717.00
2012-07-30 16:59:30,67.85,68.25,66.60,68.00,30657.00
2012-07-27 16:59:53,66.70,67.90,66.20,67.85,63884.00
2012-07-26 17:00:28,65.80,66.00,64.80,65.90,24272.00
2012-07-25 16:59:13,64.60,65.10,63.70,64.50,33730.00
2012-07-24 16:59:39,66.25,66.25,63.00,64.40,37880.00
2012-07-23 16:58:00,66.00,66.50,65.00,66.00,60937.00
2012-07-20 16:59:51,68.35,68.50,67.10,68.50,37296.00
2012-07-19 16:55:36,68.00,69.60,68.00,69.10,52606.00
2012-07-18 16:59:35,66.40,67.60,66.30,67.60,44370.00
2012-07-17 16:55:08,66.00,66.40,65.30,66.30,38658.00
2012-07-16 16:54:52,65.50,66.00,65.30,65.90,49162.00
2012-07-13 16:59:58,65.00,65.95,64.80,65.80,87299.00
2012-07-12 16:52:49,61.20,63.40,61.00,63.30,96306.00
2012-07-11 16:59:21,62.50,63.60,62.00,62.80,24602.00
2012-07-10 16:59:14,63.00,63.50,62.00,62.50,30853.00
2012-07-06 16:59:43,63.60,65.35,63.60,65.35,24509.00
2012-07-05 17:00:08,63.00,65.50,63.00,65.50,82738.00
2012-07-04 16:59:59,63.50,63.90,63.00,63.00,14376.00
2012-07-03 16:58:11,63.00,63.90,62.55,63.50,43359.00
2012-07-02 16:59:58,61.30,62.00,61.00,62.00,13512.00
2012-06-29 16:59:56,60.10,61.20,60.10,61.20,75416.00
2012-06-28 16:58:44,58.90,59.00,57.50,58.50,30755.00
2012-06-27 16:55:18,60.50,60.50,57.70,58.90,45066.00
2012-06-26 17:00:10,60.80,61.00,59.70,59.80,52853.00
2012-06-25 17:00:19,62.50,62.50,59.90,59.90,122539.00
2012-06-22 16:59:59,66.00,66.20,64.50,65.20,46723.00
2012-06-21 16:59:59,67.20,67.30,66.00,66.20,62047.00
2012-06-19 16:59:20,63.50,67.25,63.50,67.20,111785.00
2012-06-18 16:54:52,61.90,62.80,61.40,62.80,44775.00
2012-06-15 16:59:40,60.00,61.10,59.80,61.10,25966.00
2012-06-14 16:59:57,60.00,61.00,59.40,60.30,27790.00
2012-06-13 16:59:58,60.30,61.35,60.30,60.50,14619.00
2012-06-12 16:57:55,60.50,61.00,60.30,60.50,14833.00
2012-06-11 16:54:24,60.50,61.50,60.25,60.80,21064.00
2012-06-08 16:59:24,61.00,61.20,60.00,60.90,33855.00
2012-06-07 16:59:53,61.00,62.80,60.10,62.40,39130.00
2012-06-06 16:54:37,60.00,61.20,60.00,60.00,11779.00
2012-06-05 16:58:19,61.25,61.90,60.00,60.10,10076.00
2012-06-04 17:00:51,60.50,61.20,60.00,60.45,19834.00
2012-06-01 16:53:27,61.00,61.50,60.00,60.00,23102.00
2012-05-31 17:00:06,59.00,61.30,58.00,61.00,27207.00
2012-05-30 16:59:52,60.70,60.70,59.10,59.10,8895.00
2012-05-29 16:59:58,62.60,62.80,60.80,61.25,20896.00
2012-05-28 16:55:05,61.00,62.70,61.00,62.40,7388.00
2012-05-24 17:00:20,58.60,61.00,58.40,61.00,98822.00
2012-05-23 17:00:14,59.05,59.90,58.50,59.90,27813.00
2012-05-22 16:57:57,60.80,62.50,59.50,59.90,29501.00
2012-05-21 16:59:50,58.70,61.50,58.70,61.50,49342.00
2012-05-18 16:53:53,57.00,57.95,56.80,57.80,25181.00
2012-05-17 16:48:50,58.00,58.95,56.50,56.50,25734.00
2012-05-16 16:54:14,58.50,59.00,57.60,58.15,38972.00
2012-05-15 16:58:40,58.50,59.00,56.40,56.50,30567.00
2012-05-14 16:59:17,57.80,59.00,57.70,57.85,14337.00
2012-05-11 16:53:59,60.10,60.40,59.50,59.50,11853.00
2012-05-10 16:54:31,60.00,61.00,59.20,59.40,50970.00
2012-05-09 16:58:35,60.00,60.60,59.25,59.25,36213.00
2012-05-08 16:59:44,60.00,61.00,59.90,61.00,31897.00
2012-05-07 16:59:37,60.10,62.00,59.90,62.00,28201.00
2012-05-04 16:59:14,61.50,62.00,60.50,62.00,42901.00
2012-05-03 16:55:47,64.00,64.00,62.50,63.50,20964.00
2012-05-02 16:50:08,63.00,64.70,63.00,64.00,30071.00
2012-04-27 16:59:50,62.75,63.50,62.50,63.50,13373.00
2012-04-26 17:00:30,63.00,63.25,62.00,63.00,11442.00
2012-04-25 16:56:36,64.00,64.50,61.90,62.30,20394.00
2012-04-24 16:59:01,65.20,65.20,64.00,64.00,34996.00
2012-04-23 16:55:02,65.45,65.60,65.00,65.00,21566.00
2012-04-20 16:58:07,67.00,67.30,66.40,66.75,24438.00
2012-04-19 16:59:32,68.70,69.00,66.10,67.00,35349.00
2012-04-18 16:52:38,66.50,69.00,66.50,69.00,30807.00
2012-04-17 16:56:19,66.00,67.00,66.00,67.00,14779.00
2012-04-16 16:59:46,65.00,67.00,63.50,66.00,14626.00
2012-04-13 16:59:58,66.00,66.00,65.50,66.00,8076.00
2012-04-12 16:49:39,66.00,67.00,66.00,67.00,28050.00
2012-04-11 16:29:06,65.70,66.50,65.00,65.30,20739.00
2012-04-10 16:57:11,66.80,66.80,65.50,65.50,18952.00
2012-04-09 16:56:02,65.50,67.50,65.50,67.50,7667.00
2012-04-04 16:59:23,67.50,68.00,67.00,67.50,31603.00
2012-04-03 16:46:28,68.00,69.10,67.45,68.45,11835.00
2012-03-30 16:59:31,69.10,69.10,68.10,68.60,29673.00
2012-03-29 16:55:48,69.60,69.60,68.10,68.70,20187.00
2012-03-28 16:58:48,70.50,70.50,68.75,69.60,78897.00
2012-03-27 16:57:18,71.25,71.25,70.20,70.50,12834.00
2012-03-26 16:59:11,69.00,71.30,69.00,71.25,62086.00
2012-03-23 16:59:36,68.00,69.20,68.00,68.85,31213.00
2012-03-22 16:46:58,67.50,68.00,67.20,67.30,19785.00
2012-03-21 16:57:36,68.10,69.00,67.65,69.00,17805.00
2012-03-20 16:59:59,68.35,69.30,68.10,68.30,28555.00
2012-03-19 16:58:05,70.00,70.50,68.05,69.25,30593.00
2012-03-16 16:59:56,69.40,69.75,68.90,69.75,41879.00
2012-03-15 16:59:56,71.10,71.10,69.10,69.50,17602.00
2012-03-14 16:59:34,70.50,71.00,69.70,70.50,24887.00
2012-03-13 16:55:07,67.00,69.80,67.00,69.50,42365.00
2012-03-12 17:00:23,68.10,68.10,66.50,67.00,69388.00
2012-03-09 16:58:01,69.10,69.75,68.75,69.00,41614.00
2012-03-08 16:57:27,69.40,70.20,68.70,69.50,33614.00
2012-03-07 16:56:07,69.20,69.30,68.60,69.30,12219.00
2012-03-06 16:58:15,69.30,69.40,68.25,69.00,24327.00
2012-03-05 16:59:07,72.25,72.50,71.20,71.20,24110.00
2012-03-02 16:52:29,73.50,73.60,72.95,73.25,73131.00
2012-03-01 17:00:38,72.00,73.50,72.00,73.50,20068.00
2012-02-29 16:57:21,72.40,73.00,70.50,72.10,31286.00
2012-02-28 17:00:06,71.10,72.95,71.00,72.80,105767.00
2012-02-24 16:48:17,70.70,72.25,70.70,71.80,37989.00
2012-02-23 16:59:15,71.05,71.05,69.90,70.60,13864.00
2012-02-22 16:59:18,71.00,72.50,70.20,70.90,12627.00
2012-02-17 16:56:18,71.20,71.65,70.20,70.60,17774.00
2012-02-16 16:58:34,69.00,71.00,68.55,71.00,35788.00
2012-02-15 16:58:48,70.00,70.10,69.00,69.00,29012.00
2012-02-14 17:00:23,71.00,72.00,69.10,70.00,16337.00
2012-02-13 16:59:51,71.00,72.50,70.70,72.30,22790.00
2012-02-10 17:00:12,73.00,73.00,69.80,70.00,62321.00
2012-02-09 16:55:40,75.50,75.50,74.05,74.90,14355.00
2012-02-08 16:58:51,75.00,76.30,74.00,75.00,59880.00
2012-02-07 16:57:42,73.10,75.20,73.10,75.00,71949.00
2012-02-06 16:58:54,71.75,73.10,71.50,73.10,42065.00
2012-02-03 16:59:31,72.50,73.00,72.00,72.00,41231.00
2012-02-02 16:57:49,72.25,72.85,71.75,71.75,10289.00
2012-02-01 16:41:32,72.00,72.90,72.00,72.25,14433.00
2012-01-31 16:58:32,70.30,71.50,70.00,71.00,29248.00
2012-01-30 16:58:34,68.95,70.30,68.80,70.20,22396.00
2012-01-27 16:58:44,71.20,71.20,70.10,70.50,20339.00
2012-01-26 16:59:02,72.50,73.50,71.00,71.20,29557.00
2012-01-25 16:58:24,72.50,72.50,70.55,72.15,56216.00
2012-01-24 16:53:37,71.10,73.50,70.80,72.50,73891.00
2012-01-23 16:57:44,69.00,72.75,69.00,71.10,88009.00
2012-01-20 16:55:05,69.00,69.00,68.00,68.35,20921.00
2012-01-19 16:59:54,68.90,69.65,68.90,69.20,49566.00
2012-01-18 16:55:05,68.50,69.30,68.00,68.80,43100.00
2012-01-17 16:56:18,66.10,68.20,66.10,67.50,57303.00
2012-01-16 17:00:21,66.50,66.90,66.00,66.30,17045.00
2012-01-13 16:59:56,66.50,66.50,64.00,66.45,46527.00
2012-01-12 16:57:38,65.20,66.70,65.20,66.00,45777.00
2012-01-11 16:58:20,64.40,65.30,63.90,64.90,42061.00
2012-01-10 17:00:16,63.50,64.45,63.40,64.45,31682.00
2012-01-09 16:59:56,61.70,62.00,60.50,62.00,19504.00
2012-01-06 17:00:22,61.85,61.85,61.00,61.10,22281.00
2012-01-05 16:55:52,63.00,63.00,61.00,61.75,23146.00
2012-01-04 17:00:02,60.25,62.90,59.50,62.90,41168.00
2012-01-03 16:59:48,57.50,60.50,57.50,60.45,79998.00
2011-12-29 16:59:45,57.80,57.90,56.80,57.50,21264.00
2011-12-28 16:58:38,59.40,59.40,57.00,57.50,27562.00
2011-12-27 16:55:30,59.50,59.75,58.80,59.40,16808.00
2011-12-23 13:52:55,59.60,59.80,59.60,59.70,14482.00
2011-12-22 16:59:44,59.00,60.10,59.00,59.50,87220.00
2011-12-21 16:59:43,58.75,59.00,57.50,58.50,49481.00
2011-12-20 16:59:34,58.00,59.25,58.00,58.75,78083.00
2011-12-19 16:55:38,59.50,59.50,56.80,57.00,20761.00
2011-12-16 16:59:34,58.20,58.75,57.50,58.00,13156.00
2011-12-15 16:57:00,59.35,59.50,57.30,58.00,17955.00
2011-12-14 16:59:48,59.00,59.50,58.00,58.65,14820.00
2011-12-13 16:59:32,61.00,61.25,59.80,59.80,28039.00
2011-12-12 16:59:47,63.00,63.00,60.25,60.25,17754.00
2011-12-07 16:54:51,65.30,65.50,63.50,64.10,26194.00
2011-12-06 16:57:32,65.15,65.35,64.50,65.35,29272.00
2011-12-05 16:59:57,65.00,66.05,64.55,65.15,38605.00
2011-12-02 16:49:38,63.50,64.20,63.00,64.00,18930.00
2011-12-01 16:56:01,61.50,63.70,61.50,63.00,16288.00
2011-11-30 16:58:54,62.00,63.00,61.00,61.70,36059.00
2011-11-29 16:58:56,60.00,60.00,58.75,58.90,8360.00
2011-11-25 17:00:00,57.05,58.00,56.50,58.00,17930.00
2011-11-24 16:59:59,57.65,57.65,57.05,57.05,2861.00
2011-11-23 16:58:15,59.00,59.50,56.90,57.65,14890.00
2011-11-22 16:49:34,59.05,60.35,59.05,60.30,16276.00
2011-11-21 16:55:02,60.50,60.50,59.00,59.40,12967.00
2011-11-18 16:48:23,61.00,61.75,60.00,61.75,13198.00
2011-11-17 17:00:00,62.10,62.80,60.00,60.80,22958.00
2011-11-16 16:54:20,62.20,62.80,61.80,62.40,17875.00
2011-11-15 16:53:27,63.00,63.30,62.15,62.20,17572.00
2011-11-14 16:56:19,65.15,65.15,63.00,63.50,30684.00
2011-11-11 17:00:21,63.00,66.00,63.00,65.20,44915.00
2011-11-10 16:58:15,63.90,64.00,62.20,62.60,37271.00
2011-11-09 17:57:17,64.80,64.80,62.10,62.30,16581.00
2011-11-08 16:58:35,66.00,66.70,65.50,65.50,18596.00
2011-11-07 16:58:43,64.50,66.20,64.50,66.00,28666.00
2011-11-04 16:57:52,63.50,64.90,63.50,64.50,16546.00
2011-11-03 16:59:38,63.00,64.00,62.70,63.75,29053.00
2011-11-02 16:59:15,64.00,64.75,62.50,62.50,24602.00
2011-11-01 16:53:14,64.50,65.35,63.00,64.00,88035.00
2011-10-31 16:59:36,65.40,68.75,65.00,67.60,86263.00
2011-10-28 16:58:48,64.00,66.60,64.00,66.60,58237.00
2011-10-27 16:59:04,64.00,65.20,63.00,64.00,56987.00
2011-10-26 16:56:40,60.00,61.30,60.00,61.25,40734.00
2011-10-25 16:58:41,59.75,60.25,59.50,60.25,35243.00
2011-10-24 16:55:50,58.60,60.10,58.60,60.00,51563.00
2011-10-21 17:00:03,57.50,58.50,57.50,58.20,23925.00
2011-10-20 16:55:00,57.45,57.45,55.50,56.70,32477.00
2011-10-19 17:00:01,57.60,57.90,56.95,57.90,58509.00
2011-10-18 17:00:39,54.50,57.50,54.45,57.50,59806.00
2011-10-17 16:59:27,56.00,56.00,54.15,54.45,32018.00
2011-10-14 16:59:47,55.00,58.00,55.00,58.00,22429.00
2011-10-13 16:59:56,53.50,55.20,53.50,55.00,31814.00
2011-10-12 16:58:26,54.00,55.20,54.00,54.80,80102.00
2011-10-11 16:59:58,52.00,52.85,51.50,52.85,30058.00
2011-10-07 16:57:08,52.00,52.00,50.00,50.50,17708.00
2011-10-06 16:59:55,50.50,52.10,50.00,52.00,40483.00
2011-10-05 16:59:44,50.00,50.50,48.50,49.30,39028.00
2011-10-04 16:58:41,48.00,49.55,47.50,49.55,63218.00
2011-10-03 16:59:59,50.00,51.50,49.30,49.35,76007.00
2011-09-30 16:58:12,53.00,53.50,51.10,51.40,46382.00
2011-09-29 16:59:55,54.10,56.00,53.40,53.90,42693.00
2011-09-28 16:59:02,55.45,55.50,54.00,54.00,12680.00
2011-09-27 16:45:16,55.50,56.40,55.40,55.50,26210.00
2011-09-26 16:58:50,53.00,54.80,52.80,54.80,29825.00
2011-09-23 16:59:27,52.35,53.20,52.35,52.65,59046.00
2011-09-22 16:57:16,52.15,54.00,52.00,52.35,92951.00
2011-09-21 17:00:50,58.10,58.70,55.00,55.00,51978.00
2011-09-20 16:54:20,58.30,58.90,57.90,58.10,18416.00
2011-09-19 16:59:44,57.50,58.50,57.50,58.30,21363.00
2011-09-16 17:00:01,60.30,60.30,59.00,59.00,15582.00
2011-09-15 16:56:28,60.50,60.70,59.60,60.30,21181.00
2011-09-14 16:56:14,58.05,60.20,57.90,59.60,22218.00
2011-09-13 17:00:00,58.90,59.10,58.00,59.05,21411.00
2011-09-12 16:57:01,58.50,58.80,57.40,58.80,55743.00
2011-09-09 17:00:37,60.00,60.70,59.00,59.20,31511.00
2011-09-08 16:59:54,62.00,62.10,61.20,62.00,28679.00
2011-09-07 16:55:04,61.20,62.50,61.20,62.00,13544.00
2011-09-06 16:59:55,58.10,60.40,58.10,60.40,38348.00
2011-09-05 16:59:40,59.00,59.10,58.50,58.75,15457.00
2011-09-02 17:00:11,61.00,61.20,59.60,61.00,50052.00
2011-09-01 16:58:32,62.85,63.50,62.85,63.25,51612.00
2011-08-31 16:59:35,63.20,63.50,62.20,62.85,62323.00
2011-08-30 17:00:01,62.65,63.05,62.20,63.05,70808.00
2011-08-29 16:59:30,61.20,62.80,61.20,62.70,48302.00
2011-08-26 17:00:40,58.90,60.20,58.50,60.20,18870.00
2011-08-25 16:58:12,60.25,60.25,58.80,59.40,46560.00
2011-08-24 16:56:51,61.00,61.00,59.50,59.95,24854.00
2011-08-23 16:59:49,59.20,59.80,58.00,59.80,30418.00
2011-08-19 17:00:01,59.50,60.40,58.20,58.30,137039.00
2011-08-18 16:59:59,60.50,60.50,58.90,59.40,75772.00
2011-08-17 16:59:29,63.50,63.75,62.40,62.90,22950.00
2011-08-16 17:00:02,62.00,63.30,61.70,63.30,33222.00
2011-08-15 16:56:22,63.00,63.00,62.00,62.60,46961.00
2011-08-12 16:43:38,60.90,60.90,60.00,60.00,28178.00
2011-08-11 17:00:01,58.05,60.70,58.05,60.40,37792.00
2011-08-10 16:59:36,57.35,59.20,56.20,57.50,90618.00
2011-08-09 17:00:00,57.05,58.70,54.00,57.35,115548.00
2011-08-08 17:01:14,62.00,62.00,55.50,55.50,142000.00
2011-08-05 16:57:56,64.00,65.00,61.80,64.30,96893.00
2011-08-04 16:59:45,69.90,69.90,64.80,65.00,77122.00
2011-08-03 16:46:20,71.45,71.45,69.50,70.10,31237.00
2011-08-02 16:52:46,72.95,72.95,71.00,71.00,64040.00
2011-08-01 16:59:55,70.80,72.80,70.00,72.80,33403.00
2011-07-29 16:59:48,69.30,70.85,69.30,70.80,31986.00
2011-07-28 17:01:11,70.00,70.40,69.70,70.00,40965.00
2011-07-27 16:59:09,71.50,71.50,70.40,70.45,13269.00
2011-07-26 16:59:33,71.75,72.25,71.70,72.00,35936.00
2011-07-25 16:40:04,71.00,72.00,71.00,71.70,41695.00
2011-07-22 16:57:44,69.90,70.20,69.70,70.00,44215.00
2011-07-21 16:59:26,69.75,70.60,69.60,70.10,59474.00
2011-07-20 16:52:30,70.00,70.10,69.60,69.70,11127.00
2011-07-19 17:00:04,71.00,71.00,69.60,70.80,32394.00
2011-07-18 16:59:56,69.00,70.00,68.50,70.00,21566.00
2011-07-15 16:59:17,69.50,70.10,69.30,70.05,14742.00
2011-07-14 16:56:18,70.50,70.50,68.50,69.10,32190.00
2011-07-13 16:59:17,70.10,70.70,70.00,70.60,43871.00
2011-07-12 16:59:57,70.55,70.60,69.30,69.60,55520.00
2011-07-11 16:59:39,71.25,71.50,70.30,70.50,36393.00
2011-07-08 16:57:19,73.20,73.20,72.00,72.70,23364.00
2011-07-07 16:59:32,73.50,73.80,73.15,73.70,36462.00
2011-07-06 16:59:57,72.50,73.30,72.00,73.30,64668.00
2011-07-05 16:59:53,73.45,73.45,72.80,73.40,19593.00
2011-07-04 16:57:17,73.45,73.45,72.90,73.45,14648.00
2011-07-01 16:58:38,73.00,73.50,73.00,73.45,29826.00
2011-06-30 16:56:36,73.20,73.70,72.80,73.00,32477.00
2011-06-29 16:59:21,71.70,73.00,71.60,73.00,14090.00
2011-06-28 17:00:08,71.60,72.25,71.50,71.65,52906.00
2011-06-27 16:59:54,70.60,71.40,70.35,71.15,26618.00
2011-06-24 16:59:20,71.80,71.80,70.40,70.40,42488.00
2011-06-23 16:59:34,71.25,71.80,70.00,71.80,101325.00
2011-06-22 16:55:27,73.40,73.50,72.50,72.80,19072.00
2011-06-21 16:59:57,72.95,73.00,72.40,72.70,28917.00
2011-06-17 16:59:31,72.00,72.50,71.80,72.50,15888.00
2011-06-16 16:41:13,72.10,72.50,71.50,71.80,33929.00
2011-06-15 16:58:37,72.00,72.40,71.50,72.40,24822.00
2011-06-14 16:58:41,72.20,73.10,72.20,72.50,15948.00
2011-06-13 17:00:05,72.60,72.60,71.50,72.20,22334.00
2011-06-10 16:59:41,72.50,73.00,71.15,72.40,59121.00
2011-06-09 16:59:46,70.80,73.25,70.80,73.25,29098.00
2011-06-08 16:58:09,71.00,71.25,70.20,70.80,33358.00
2011-06-07 17:01:20,71.00,71.00,70.30,70.50,18127.00
2011-06-06 17:00:57,72.60,72.60,70.30,70.90,27611.00
2011-06-03 16:51:43,73.00,73.55,72.60,72.60,16435.00
2011-06-02 16:59:07,72.90,73.20,72.25,72.55,27339.00
2011-06-01 16:55:58,73.80,73.80,73.00,73.00,15484.00
2011-05-31 17:00:00,74.75,74.75,73.50,73.80,19756.00
2011-05-30 16:59:40,73.50,73.80,73.25,73.40,9755.00
2011-05-27 16:59:51,73.50,74.50,73.50,73.80,18544.00
2011-05-26 16:58:36,72.90,73.50,72.80,73.35,24108.00
2011-05-24 17:00:00,73.80,74.25,72.80,72.90,32209.00
2011-05-23 16:59:19,73.75,73.75,73.00,73.55,16645.00
2011-05-20 16:57:21,74.00,75.15,73.80,74.75,26418.00
2011-05-19 16:59:53,74.50,74.50,73.55,74.00,28620.00
2011-05-18 16:59:56,75.35,75.35,74.25,74.50,20309.00
2011-05-17 16:59:18,74.20,75.00,74.10,74.90,26450.00
2011-05-16 17:00:45,73.60,75.55,73.50,74.00,36511.00
2011-05-13 16:59:06,72.00,74.00,72.00,73.50,34635.00
2011-05-12 16:59:09,73.10,74.50,73.00,74.30,45652.00
2011-05-11 16:59:19,76.00,76.00,74.55,74.80,28860.00
2011-05-10 16:59:38,74.75,75.90,74.50,75.90,28410.00
2011-05-09 16:59:40,73.60,74.50,73.50,74.50,36010.00
2011-05-06 16:59:52,75.00,75.80,73.60,73.60,33817.00
2011-05-05 16:37:33,75.50,75.50,74.20,74.50,69513.00
2011-05-04 16:59:42,76.75,76.75,75.60,76.10,35911.00
2011-05-03 16:59:28,76.80,77.50,76.75,77.00,16270.00
2011-05-02 16:59:34,78.20,78.50,77.50,77.60,26784.00
2011-04-29 16:59:25,77.50,78.50,77.50,78.15,15252.00
2011-04-28 16:59:54,77.60,77.60,76.20,77.40,15433.00
2011-04-27 16:58:52,78.40,78.40,77.20,77.90,22900.00
2011-04-26 16:59:58,78.00,78.80,78.00,78.40,27500.00
2011-04-25 16:52:40,78.75,78.75,78.10,78.30,9032.00
2011-04-20 16:58:46,77.80,78.75,77.75,78.75,48523.00
2011-04-19 16:59:00,76.50,77.35,76.50,77.20,33540.00
2011-04-18 16:59:19,76.90,76.90,75.75,76.30,83062.00
2011-04-15 17:00:22,77.95,79.00,76.90,78.30,54876.00
2011-04-14 17:00:00,78.00,78.25,76.70,77.40,112311.00
2011-04-13 16:59:42,79.25,79.25,77.50,78.00,110682.00
2011-04-12 16:59:43,80.00,80.00,78.75,79.25,51636.00
2011-04-11 16:58:54,82.40,82.40,81.00,81.60,20304.00
2011-04-08 16:58:57,82.35,82.60,82.00,82.50,22983.00
2011-04-07 16:57:13,82.10,82.50,81.00,82.00,33938.00
2011-04-06 16:59:55,82.60,83.00,81.80,81.90,30664.00
2011-04-05 16:59:38,83.00,83.30,82.30,82.50,110321.00
2011-04-04 16:59:20,83.80,84.30,83.00,83.60,75541.00
2011-04-01 16:56:40,83.05,84.30,83.05,83.80,165100.00
2011-03-31 17:00:01,82.95,82.95,82.00,82.80,138565.00
2011-03-30 17:00:33,82.20,82.70,81.50,82.10,83375.00
2011-03-29 16:59:48,80.25,82.00,80.25,81.40,82785.00
2011-03-28 16:59:28,81.80,82.40,80.50,80.50,74992.00
2011-03-23 17:00:02,81.00,82.20,80.90,82.00,128982.00
2011-03-22 17:00:41,81.00,81.50,80.80,81.00,40673.00
2011-03-21 16:59:40,80.00,80.50,79.90,80.50,38111.00
2011-03-18 17:00:35,80.10,80.20,78.70,79.20,65425.00
2011-03-17 16:56:52,78.70,80.00,78.70,80.00,46213.00
2011-03-16 16:58:50,79.50,80.95,77.50,78.40,169289.00
2011-03-15 16:59:58,78.15,79.90,78.15,79.40,195922.00
2011-03-14 16:59:21,80.20,80.90,79.20,80.90,76677.00
2011-03-11 16:59:59,78.10,80.95,78.10,80.20,78992.00
2011-03-10 17:01:24,82.20,82.20,80.10,80.30,53805.00
2011-03-09 16:58:38,83.40,83.50,81.90,82.20,47968.00
2011-03-04 16:59:29,82.10,83.90,82.10,83.70,130456.00
2011-03-03 16:55:07,82.35,82.85,81.60,82.20,43345.00
2011-03-02 16:59:38,80.60,82.50,80.00,82.35,131921.00
2011-03-01 16:57:34,80.30,81.70,80.30,80.60,57956.00
2011-02-28 17:00:23,82.00,82.00,79.50,80.30,76350.00
2011-02-25 17:01:10,79.90,81.40,79.25,81.20,129372.00
2011-02-24 17:01:48,81.65,83.30,80.15,80.60,475395.00
2011-02-23 16:59:46,78.80,81.80,78.75,81.20,486685.00
2011-02-22 17:00:02,77.20,79.25,77.20,78.35,137667.00
2011-02-21 16:59:52,77.00,77.40,76.85,77.20,45999.00
2011-02-18 17:00:00,76.65,77.10,76.50,77.00,45160.00
2011-02-17 16:59:58,77.30,77.30,76.40,76.60,42063.00
2011-02-16 16:56:38,77.70,77.70,77.20,77.30,27999.00
2011-02-15 17:00:02,77.20,77.65,76.90,77.25,98833.00
2011-02-14 16:59:28,75.50,77.20,75.50,76.95,44599.00
2011-02-11 17:00:17,74.25,75.50,74.25,75.50,46176.00
2011-02-10 16:59:36,75.60,75.60,74.50,74.70,55883.00
2011-02-09 17:00:13,76.60,76.60,75.30,75.60,36924.00
2011-02-08 17:00:23,76.50,77.10,76.50,77.00,22875.00
2011-02-07 16:59:34,78.00,78.00,76.20,76.50,34406.00
2011-02-04 17:00:32,78.50,79.10,77.30,77.65,49585.00
2011-02-03 16:59:47,78.10,78.70,78.10,78.35,99365.00
2011-02-02 16:59:12,77.30,78.60,77.00,78.55,134824.00
2011-02-01 16:59:59,76.00,77.30,76.00,77.30,55891.00
2011-01-31 17:00:07,74.75,75.20,74.30,75.00,45797.00
2011-01-28 16:58:57,75.00,75.00,73.00,74.10,74430.00
2011-01-27 16:59:08,75.40,75.50,74.40,74.70,49118.00
2011-01-26 17:00:24,75.05,76.00,74.70,75.10,51065.00
2011-01-25 16:59:09,75.80,75.80,74.50,74.95,16750.00
2011-01-24 16:54:55,75.60,75.65,75.00,75.40,35886.00
2011-01-21 17:00:00,75.20,75.75,75.00,75.40,52244.00
2011-01-20 17:00:40,76.10,76.20,74.50,75.00,82952.00
2011-01-19 17:00:12,77.40,77.75,75.60,76.00,75179.00
2011-01-18 16:59:34,77.70,78.50,77.00,77.40,52698.00
2011-01-17 16:53:59,78.00,78.20,77.40,77.70,20332.00
2011-01-14 16:59:39,77.95,78.30,77.70,78.00,111192.00
2011-01-13 17:00:05,79.50,80.00,78.00,78.00,85020.00
2011-01-12 16:58:29,77.50,79.40,77.50,79.40,142161.00
2011-01-11 16:57:53,77.00,77.20,76.15,77.00,80445.00
2011-01-10 17:00:50,76.50,76.60,75.15,75.90,47752.00
2011-01-07 16:59:29,77.00,77.30,75.50,76.20,52915.00
2011-01-06 17:00:08,77.80,77.80,76.70,76.90,69780.00
2011-01-05 17:00:25,75.30,77.70,75.30,77.65,118683.00
2011-01-04 17:00:06,77.20,77.20,75.40,76.50,279171.00
2011-01-03 17:00:08,78.30,78.80,77.30,78.10,241136.00
2010-12-30 17:00:14,77.00,78.50,76.80,78.10,167562.00
2010-12-29 17:00:05,75.00,76.80,75.00,76.75,329191.00
2010-12-28 17:00:04,73.00,74.50,72.80,74.50,171549.00
2010-12-27 16:59:57,70.00,71.95,70.00,71.90,107223.00
2010-12-23 16:53:11,70.00,70.25,69.80,70.20,71007.00
2010-12-22 16:59:49,69.35,70.15,69.00,69.80,52942.00
2010-12-21 16:59:59,70.60,70.60,69.10,69.35,61065.00
2010-12-20 16:59:25,70.00,70.30,69.40,69.80,111177.00
2010-12-17 17:00:00,69.40,70.20,69.00,70.20,70113.00
2010-12-16 17:00:05,69.00,69.50,68.60,69.30,95675.00
2010-12-15 17:00:09,70.20,70.20,68.50,68.80,52141.00
2010-12-14 17:00:13,71.50,71.50,70.40,70.60,58086.00
2010-12-13 16:56:57,70.00,71.00,69.80,71.00,49638.00
2010-12-10 16:59:37,69.10,69.90,68.80,69.80,53739.00
2010-12-09 16:59:55,70.10,70.10,68.50,68.95,126754.00
2010-12-07 17:01:06,71.80,72.50,70.00,70.10,92814.00
2010-12-06 16:59:11,70.65,71.10,70.65,71.10,44692.00
2010-12-03 16:59:43,69.75,70.70,69.75,70.55,46263.00
2010-12-02 17:00:23,69.75,70.55,69.50,69.75,106292.00
2010-12-01 16:59:51,69.40,69.50,68.50,69.50,87273.00
2010-11-30 17:00:21,66.85,67.90,66.60,67.40,66127.00
2010-11-29 17:00:01,66.60,67.20,66.20,66.75,74748.00
2010-11-26 17:00:30,66.50,67.50,66.00,66.80,78116.00
2010-11-25 16:57:58,67.75,68.00,67.40,67.50,63604.00
2010-11-24 16:59:42,67.10,68.00,67.00,67.65,138692.00
2010-11-23 16:59:50,66.90,67.00,66.30,66.70,212606.00
2010-11-19 16:56:54,69.50,69.50,68.70,69.35,72780.00
2010-11-18 16:56:53,69.50,69.75,69.00,69.50,104011.00
2010-11-17 16:59:48,68.20,69.20,68.00,68.00,74660.00
2010-11-16 17:01:00,69.95,69.95,67.20,67.80,143702.00
2010-11-15 17:00:01,70.00,70.60,69.30,70.60,69670.00
2010-11-12 17:00:32,72.00,72.00,68.20,69.20,190883.00
2010-11-11 17:00:11,72.70,72.70,71.70,71.90,98663.00
2010-11-10 16:58:45,73.10,73.10,71.15,73.00,102894.00
2010-11-09 17:00:41,75.10,75.25,73.00,73.00,118431.00
2010-11-08 16:59:57,74.00,74.30,73.00,74.00,158948.00
2010-11-05 17:00:14,75.00,75.00,73.50,73.70,235142.00
2010-11-04 17:00:07,74.05,75.00,74.05,75.00,274397.00
2010-11-03 16:58:56,72.95,73.00,71.30,73.00,196791.00
2010-11-02 16:59:17,71.00,72.95,71.00,72.85,156161.00
2010-11-01 17:00:42,72.00,72.00,70.20,70.60,138665.00
2010-10-29 17:00:00,70.80,71.40,69.60,70.00,116973.00
2010-10-28 17:00:10,71.50,72.00,69.50,70.80,194794.00
2010-10-26 17:00:31,69.00,70.90,68.90,70.90,328919.00
2010-10-25 16:56:48,68.00,68.40,67.70,68.00,166601.00
2010-10-22 16:59:51,67.25,67.50,66.50,67.45,163842.00
2010-10-21 17:00:01,68.40,68.40,66.50,67.20,194789.00
2010-10-20 17:00:02,68.30,69.20,68.00,68.30,119918.00
2010-10-19 17:00:11,68.00,69.50,68.00,68.00,148061.00
2010-10-18 16:59:56,69.20,70.10,68.60,70.10,103788.00
2010-10-15 16:59:07,69.90,70.00,69.00,69.20,58737.00
2010-10-14 17:00:16,69.70,70.70,69.60,70.10,82689.00
2010-10-13 16:59:27,70.30,70.45,69.50,69.90,118688.00
2010-10-12 16:55:39,69.80,70.20,69.25,70.10,75787.00
2010-10-08 17:00:19,68.90,70.15,68.40,70.00,192827.00
2010-10-07 16:59:17,70.10,70.10,67.80,68.60,562063.00
2010-10-06 17:00:20,73.70,73.70,71.10,71.30,144479.00
2010-10-05 16:59:13,73.50,73.90,72.90,73.70,49378.00
2010-10-04 16:59:56,74.60,74.60,73.60,73.80,32447.00
2010-10-01 17:00:57,74.50,74.50,73.70,74.25,63077.00
2010-09-30 17:00:34,74.00,74.25,72.50,73.70,67738.00
2010-09-29 17:00:23,73.00,73.50,72.70,73.25,93965.00
2010-09-28 16:53:55,72.30,72.80,71.80,72.30,69919.00
2010-09-27 16:59:46,72.50,72.50,70.90,72.00,200979.00
2010-09-24 17:00:50,73.00,73.80,71.50,71.90,471951.00
2010-09-23 16:59:09,71.50,74.00,71.50,72.90,422317.00
2010-09-22 17:00:16,71.80,71.80,69.90,70.75,160366.00
2010-09-21 16:59:58,72.40,72.45,71.00,71.90,130893.00
2010-09-20 17:00:03,70.80,73.00,70.80,72.85,84980.00
2010-09-17 16:59:53,71.10,71.10,70.20,71.00,38514.00
2010-09-16 16:59:50,70.50,71.20,70.00,71.00,29453.00
2010-09-15 16:58:20,70.45,70.50,69.90,70.40,29297.00
2010-09-14 17:00:02,71.70,71.70,70.00,70.40,60557.00
2010-09-13 16:57:41,71.10,72.00,71.10,71.90,56920.00
2010-09-10 16:53:21,70.90,71.00,69.90,70.00,11491.00
2010-09-09 16:55:41,71.00,71.00,69.50,70.20,21859.00
2010-09-08 16:55:17,72.30,72.30,70.40,70.80,31642.00
2010-09-07 16:59:28,72.80,72.80,71.50,71.50,32258.00
2010-09-06 16:58:38,73.00,73.40,72.80,73.40,46283.00
2010-09-03 17:00:03,72.00,73.10,71.00,72.75,101192.00
2010-09-02 16:59:17,70.00,71.00,69.70,70.70,43676.00
2010-09-01 16:59:46,69.00,69.90,69.00,69.90,29197.00
2010-08-31 16:57:31,66.70,67.90,66.60,67.80,24371.00
2010-08-30 16:53:17,68.60,68.60,66.70,66.70,20418.00
2010-08-27 16:59:08,66.20,68.70,66.20,68.65,23989.00
2010-08-26 16:57:59,66.30,67.80,66.10,66.30,28771.00
2010-08-25 17:00:06,65.30,66.00,64.00,65.90,63726.00
2010-08-24 16:59:59,66.40,67.35,65.80,65.80,48420.00
2010-08-23 16:59:56,68.45,68.60,67.10,67.10,38170.00
2010-08-20 17:00:09,68.05,68.75,67.50,68.45,31456.00
2010-08-19 16:59:45,69.80,69.80,68.00,68.50,69965.00
2010-08-18 16:57:08,71.00,71.00,69.80,69.80,67010.00
2010-08-17 16:59:52,71.00,71.65,71.00,71.40,48397.00
2010-08-13 16:58:22,70.60,70.60,69.45,69.70,37746.00
2010-08-12 16:58:43,69.50,70.80,69.50,70.00,40403.00
2010-08-11 16:58:47,71.00,71.00,69.50,69.50,103778.00
2010-08-10 16:59:42,74.40,74.40,73.00,73.35,46389.00
2010-08-09 16:49:56,75.00,75.00,73.75,75.00,20215.00
2010-08-06 16:57:30,74.90,74.90,73.35,74.20,26975.00
2010-08-05 16:57:48,75.50,75.80,74.65,75.00,25071.00
2010-08-04 16:59:55,76.10,76.20,75.50,76.10,43842.00
2010-08-03 17:00:20,75.00,76.25,74.90,75.70,73291.00
2010-08-02 17:00:29,73.95,75.00,73.60,74.90,91414.00
2010-07-30 16:56:41,71.90,73.20,71.60,72.50,64946.00
2010-07-29 16:59:56,71.50,72.00,71.30,72.00,41556.00
2010-07-28 17:00:51,71.50,72.00,70.90,71.00,51073.00
2010-07-27 16:59:59,72.50,72.50,71.50,71.50,39004.00
2010-07-26 16:54:12,71.50,71.75,71.10,71.50,44337.00
2010-07-23 16:59:59,71.50,72.00,71.30,71.50,30590.00
2010-07-22 16:59:55,72.50,72.75,71.35,71.50,51676.00
2010-07-21 16:56:59,71.70,72.30,70.70,71.20,46751.00
2010-07-20 16:59:06,70.10,71.60,70.10,71.35,54682.00
2010-07-19 17:00:05,70.00,70.00,69.20,69.80,48687.00
2010-07-16 16:58:52,70.50,70.50,69.55,69.90,66876.00
2010-07-15 16:57:42,70.50,71.00,70.00,71.00,35773.00
2010-07-14 16:58:48,71.30,71.50,70.80,70.90,31738.00
2010-07-13 16:54:48,72.00,72.20,71.30,71.30,52739.00
2010-07-12 16:56:34,72.80,72.80,71.50,71.80,15619.00
2010-07-08 17:00:02,73.00,73.00,72.00,72.95,23285.00
2010-07-07 16:58:48,70.80,73.50,70.80,73.00,33902.00
2010-07-06 16:55:54,71.50,71.50,69.60,70.00,29486.00
2010-07-05 16:58:35,70.20,71.20,69.70,69.85,3579.00
2010-07-02 16:59:59,69.35,70.20,69.00,70.00,12488.00
2010-07-01 16:59:38,69.30,69.80,67.90,69.00,75926.00
2010-06-30 17:00:16,70.00,71.50,69.20,69.30,28484.00
2010-06-29 17:00:46,71.00,71.00,69.00,69.20,49495.00
2010-06-28 16:59:26,73.50,73.55,72.40,72.40,18687.00
2010-06-25 16:57:03,71.80,74.30,71.80,74.00,51031.00
2010-06-24 16:59:57,73.60,73.60,71.80,71.80,41277.00
2010-06-23 16:59:40,74.20,74.20,72.20,73.65,31975.00
2010-06-22 16:59:26,75.25,76.10,74.70,74.70,18516.00
2010-06-18 16:59:55,75.20,76.00,75.20,75.50,7655.00
2010-06-17 16:56:46,76.50,76.50,75.00,75.30,19899.00
2010-06-16 17:00:13,75.50,77.40,75.50,76.25,31825.00
2010-06-15 16:59:56,74.50,75.95,74.50,75.50,17380.00
2010-06-14 16:59:56,75.80,76.60,74.00,74.00,30536.00
2010-06-11 16:56:21,76.35,76.50,75.00,75.50,26721.00
2010-06-10 16:59:57,76.15,76.40,75.10,76.30,32328.00
2010-06-09 17:01:08,75.00,76.50,74.25,74.50,71599.00
2010-06-08 17:00:14,72.75,74.30,72.00,74.00,60096.00
2010-06-07 16:51:43,71.50,72.65,71.40,71.45,24528.00
2010-06-04 16:59:35,72.00,73.50,71.00,71.40,58366.00
2010-06-03 16:59:51,73.50,73.50,71.50,72.50,34994.00
2010-06-02 17:00:13,71.00,72.80,71.00,72.80,17624.00
2010-06-01 16:59:03,70.20,73.10,70.20,70.60,43735.00
2010-05-31 17:00:09,71.40,72.15,71.00,72.15,10103.00
2010-05-28 16:56:52,71.50,71.50,70.40,71.40,27398.00
2010-05-27 16:59:00,69.50,70.75,69.50,70.55,59831.00
2010-05-26 16:59:53,69.00,69.45,67.30,67.50,47984.00
2010-05-21 16:59:43,68.25,68.90,67.50,68.80,46398.00
2010-05-20 17:00:33,68.25,68.30,66.60,67.25,77894.00
2010-05-19 16:49:07,72.10,72.10,69.50,71.00,63397.00
2010-05-18 16:59:24,74.00,74.00,72.10,72.10,35009.00
2010-05-17 16:59:10,73.80,73.80,72.00,72.50,34316.00
2010-05-14 16:59:40,72.00,73.65,72.00,73.35,39090.00
2010-05-13 16:58:34,75.15,76.30,75.15,75.80,42809.00
2010-05-12 16:59:54,76.00,76.00,74.40,74.65,17613.00
2010-05-11 16:59:08,74.20,75.30,74.00,74.60,26038.00
2010-05-10 16:54:51,76.00,76.00,74.50,75.30,74630.00
2010-05-07 16:49:42,71.10,72.35,68.30,70.70,96634.00
2010-05-06 16:59:12,75.00,75.20,69.00,71.50,95814.00
2010-05-05 16:59:56,75.00,75.80,73.00,74.50,60560.00
2010-05-04 16:59:12,78.00,78.00,74.90,75.30,99011.00
2010-05-03 16:59:50,81.95,81.95,78.80,79.00,46568.00
2010-04-30 16:59:46,81.00,81.95,80.50,81.95,23197.00
2010-04-29 16:59:50,81.00,81.80,80.65,81.40,24658.00
2010-04-28 17:00:01,79.95,80.25,78.50,80.15,49787.00
2010-04-27 16:59:32,82.70,82.70,79.00,79.70,64375.00
2010-04-26 16:59:26,84.00,84.00,82.60,82.70,13169.00
2010-04-23 16:48:32,83.00,83.50,82.20,83.50,23149.00
2010-04-22 16:58:44,82.10,83.00,81.50,83.00,45206.00
2010-04-21 16:58:47,84.00,84.00,82.30,82.90,18132.00
2010-04-20 16:59:31,83.80,84.70,83.20,84.40,35664.00
2010-04-19 16:59:51,81.00,82.80,80.50,82.80,33825.00
2010-04-16 17:00:00,82.00,82.30,80.60,81.10,94505.00
2010-04-15 16:59:51,84.30,84.30,82.50,83.15,32619.00
2010-04-13 16:59:13,84.50,84.50,82.80,83.40,68780.00
2010-04-12 16:59:58,86.90,86.90,84.20,84.40,31719.00
2010-04-08 16:59:46,86.30,87.30,85.50,87.00,23705.00
2010-04-07 17:00:01,88.40,88.40,86.30,87.00,16877.00
2010-04-06 16:59:56,87.80,88.80,87.80,88.30,53902.00
2010-04-05 17:00:00,87.20,88.20,87.20,87.80,65615.00
2010-03-31 17:00:02,84.10,86.00,84.10,86.00,75148.00
2010-03-30 16:35:21,84.10,84.70,84.00,84.00,27322.00
2010-03-29 16:59:57,81.20,84.55,81.20,84.00,26744.00
2010-03-26 16:59:43,83.40,84.00,82.00,82.45,63822.00
2010-03-25 17:00:01,86.30,86.30,83.30,83.50,47087.00
2010-03-23 16:59:21,86.85,87.00,85.75,86.20,41571.00
2010-03-22 16:59:14,86.45,86.70,85.80,86.50,33659.00
2010-03-19 16:58:59,88.80,88.80,86.70,87.20,26267.00
2010-03-18 16:53:49,89.70,90.20,88.20,88.75,20056.00
2010-03-17 17:00:12,91.00,91.00,89.00,89.70,39960.00
2010-03-16 16:53:23,89.00,90.10,89.00,90.10,38178.00
2010-03-15 16:59:29,90.10,90.20,88.60,89.45,35286.00
2010-03-12 17:00:00,89.90,90.75,89.80,90.30,76869.00
2010-03-11 16:57:36,89.90,90.35,89.00,89.70,65264.00
2010-03-10 17:00:29,88.70,89.65,88.70,89.40,90398.00
2010-03-09 16:59:59,86.30,88.40,85.75,88.20,91204.00
2010-03-08 16:54:09,87.00,87.10,85.80,86.30,40140.00
2010-03-05 16:59:52,85.30,86.55,85.30,86.55,47658.00
2010-03-04 16:59:59,84.80,85.65,83.90,85.25,26607.00
2010-03-03 16:56:53,85.50,87.00,84.70,84.80,80325.00
2010-03-02 16:59:58,85.50,85.65,84.70,85.00,100725.00
2010-03-01 16:56:12,84.00,84.50,83.40,83.50,25039.00
2010-02-26 16:59:57,81.00,83.15,81.00,82.95,76795.00
2010-02-25 16:59:59,80.00,81.80,78.70,81.30,58853.00
2010-02-24 17:00:24,84.00,84.00,81.50,82.15,19404.00
2010-02-23 17:00:13,84.00,84.30,82.55,82.55,40133.00
2010-02-22 16:59:55,85.50,85.50,84.30,84.50,42712.00
2010-02-19 16:56:51,83.65,85.20,83.20,84.80,66963.00
2010-02-18 17:00:03,82.00,84.45,82.00,84.45,60613.00
2010-02-17 16:59:31,83.00,83.30,82.20,82.60,34223.00
2010-02-16 16:59:57,82.00,82.70,82.00,82.10,65734.00
2010-02-15 16:59:30,83.00,83.00,80.55,81.75,12526.00
2010-02-12 16:59:18,80.70,81.35,79.00,81.30,27245.00
2010-02-11 16:58:37,80.50,81.50,79.50,81.00,53883.00
2010-02-10 16:59:46,78.70,80.10,77.50,79.80,40037.00
2010-02-09 16:59:21,78.10,79.25,77.50,78.55,86267.00
2010-02-08 16:59:35,76.40,78.00,75.70,76.65,68860.00
2010-02-05 17:00:29,77.00,77.35,74.55,75.50,165843.00
2010-02-04 17:00:07,81.00,81.00,77.00,77.35,156197.00
2010-02-03 16:59:26,82.85,82.85,81.50,81.80,45998.00
2010-02-02 17:00:30,82.20,83.00,81.50,83.00,99766.00
2010-02-01 17:00:33,79.40,82.00,79.40,82.00,49590.00
2010-01-29 17:00:16,82.35,82.90,79.10,79.30,107433.00
2010-01-28 16:59:37,81.50,82.25,79.85,81.25,79072.00
2010-01-27 16:59:47,80.70,80.90,78.80,80.85,132993.00
2010-01-26 17:00:27,80.50,81.70,79.30,80.90,147996.00
2010-01-25 17:00:24,83.50,83.70,80.30,81.15,108628.00
2010-01-22 17:01:26,84.00,84.00,81.50,82.40,142556.00
2010-01-21 17:00:38,86.40,87.30,83.30,84.20,180319.00
2010-01-20 17:00:36,88.95,88.95,86.20,86.80,110846.00
2010-01-19 17:00:08,89.50,89.70,88.80,89.30,71772.00
2010-01-18 16:59:10,87.95,90.50,87.95,90.50,30237.00
2010-01-15 16:59:35,88.10,88.50,87.20,87.75,104949.00
2010-01-14 17:01:01,89.00,89.00,87.50,87.50,115711.00
2010-01-13 16:59:49,90.50,91.00,88.00,88.90,144516.00
2010-01-12 16:59:23,90.40,91.25,89.70,90.20,25419.00
2010-01-11 16:54:11,93.00,93.80,91.50,91.75,24918.00
2010-01-08 16:57:52,92.80,92.90,92.00,92.60,34194.00
2010-01-07 16:59:49,93.60,93.60,92.10,93.00,39137.00
2010-01-06 16:54:27,91.25,93.70,90.75,93.60,44962.00
2010-01-05 16:46:05,92.50,92.60,91.00,91.30,47718.00
